center:     29째33'52.47"N(29.564575), 95째 04'52.19"W(-95.081164)
upper-left: 29째33'56.46"N(29.565683), 95째 04'56.78"W(-95.082439)

height: 3.99"(0.001108) * 2
width:  4.59"(0.001275) * 2